25.53634637183388
25.41560146212224
26.39355311025544
26.518133939555106
28.13605561467415
28.192578812571732
28.500408842620175
28.380968905763638
28.607161955450323
28.602055127445194
28.370937670557396
28.346712031462992
28.34262177225122
28.351889408857225
28.42204364586934
28.32248605024471
28.35946092210847
28.12674549194345
28.1388259773154
28.188598062374336
28.44314821170635
28.465891120291843
28.453018692151545
28.03040197708259
28.23722032329883
28.250691820466596
28.23647171307158
28.268181678441174
28.266879361174013
28.271683227077983
28.304069011295752
28.30523191485526
28.293703910641696
28.29146441964871
28.72847648755387
28.71678344361319
28.665282246199677
28.662622921318274
28.646138412220914
28.897260840485973
28.90502530291056
28.82703264527717
28.83275202681114
28.928935302317264
28.93192665862044
29.0292116678119
29.032736847642106
28.995846107343777
28.973315745282058
28.991028667680915
29.004807121436812
29.00360929825958
29.007679454556122
31.626734171734864
31.639915365933234
31.620603278666866
31.609073235872724
31.61284379811137
31.606971518648134
31.62074473687991
31.624391982866932
31.634390343117293
31.555266953943544
31.55534414301701
31.559031576184893
31.567614848677287
31.571939562967653
31.550237743609774
31.54624818449887
31.535406861156623
31.52806984695891
31.532636286773066
31.540660325320022
31.533828223455366
31.541022739753103
31.539914307076575
31.53184005715468
31.540482637512774
31.550979989000272
31.55419020629776
32.200777037598485
32.206205644520686
32.20850959319772
32.282460989060624
32.29099392780665
32.29635718735306
32.30428454018111
32.31020901115298
32.30842257141801
32.32010684601233
32.29962613179847
32.305982234386185
32.28359721926817
32.261242042944204
32.25595891940145
32.262890214031096
32.27186328878544
32.276815538609554
32.269939892322896
32.27766057014938